1 29
4 19
7 25
7 24
3 29
2 25
7 13
1 9
18 25
10 28
1 3
9 22
11 22
1 10
8 10
24 29
4 22
19 23
10 22
15 27
2 8
1 11
10 29
17 26
1 23
20 21
0 22
11 23
7 28
20 25
5 11
3 11
14 18
8 29
3 5
9 18
5 25
17 25
7 18
13 20
4 11
11 20
3 17
28 29
1 2
11 16
9 15
11 18
2 21
1 28
3 4
6 26
17 27
17 23
4 23
16 28
4 13
14 21
12 29
5 18
5 6
17 29
0 28
3 10
14 24
10 12
8 20
23 26
6 13
16 25
5 22
19 20
10 14
0 17
17 20
3 7
13 24
23 24
22 27
1 26
10 21
3 12
10 18
10 13
21 23
9 16
7 27
8 27
19 28
15 17
16 21
12 27
22 29
1 22
7 16
3 26
19 26
8 17
2 12
15 29
18 21
2 13
15 19
13 28
16 29
4 21
1 14
1 12
0 1
0 2
6 24
1 13
5 23
12 14
8 13
11 28
17 28
6 12
2 10
6 17
5 12
26 28
3 28
5 20
18 26
3 18
20 24
12 18
0 15
16 27
1 6
22 28
16 19
8 11
4 18
7 20
14 19
25 26
0 26
5 24
16 23
6 27
21 24
7 9
25 28
3 25
11 26
12 24
27 29
10 23
9 17
24 27
21 25
2 20
7 19
5 13
2 23
20 23
2 14
15 18
0 5
12 15
11 17
18 24
11 14
3 8
1 5
9 26
26 27
13 15
17 18
17 24
7 14
3 24
13 19
6 7
4 24
13 23
8 9
6 14
1 19
5 14
8 25
19 22
8 21
3 20
15 22
13 25
3 13
15 25
10 20
8 26
19 21
20 26
2 26
5 27
8 19
4 27
7 22
10 25
12 23
18 27
7 15
7 21
11 24
4 5
1 15
0 10
14 25
6 18
7 26
24 28
8 28
22 25
0 13
5 15
13 26
9 20
2 16
27 28
21 29
22 26
2 19
19 29
8 23
2 6
12 28
12 22
7 23
4 20
20 22
5 9
13 16
0 3
10 11
13 27
0 23
0 25
12 21
12 25
4 26
0 4
1 24
4 29
24 25
9 29
3 9
6 25
15 28
15 16
0 14
6 10
13 21
9 13
13 18
16 18
25 27
4 9
15 24
12 19
9 21
1 4
3 14
15 26
6 15
5 10
5 16
24 26
22 23
2 5
18 23
9 25
12 26
4 15
21 28
5 17
1 18
9 27
16 20
0 18
14 26
7 10
1 27
2 17
6 28
11 15
4 25
18 20
19 24
0 27
12 13
0 7
9 23
2 29
6 19
14 16
23 29
11 27
11 12
1 17
10 16
8 24
5 19
11 13
5 26
