13 16
10 17
3 15
1 8
11 15
6 18
6 8
1 15
6 20
2 6
7 12
4 14
5 7
1 2
10 13
3 12
10 12
18 20
11 19
14 17
4 5
3 19
6 17
1 20
6 11
1 7
4 16
2 3
9 11
9 18
2 20
8 12
2 7
0 15
12 20
6 9
13 14
2 14
9 13
0 5
3 18
12 15
0 19
9 17
17 18
7 9
13 15
18 19
10 16
0 7
0 6
0 18
0 9
14 20
8 19
2 11
1 10
16 17
0 13
2 8
4 12
3 10
5 6
8 11
0 11
4 8
14 18
8 14
5 11
2 17
6 13
17 20
16 19
0 16
0 8
16 20
11 13
1 4
0 4
9 15
10 19
10 11
1 17
7 11
11 18
12 13
5 13
3 5
3 14
6 19
14 15
9 10
2 4
11 16
5 19
4 6
5 17
3 16
7 19
1 13
5 15
8 17
11 17
12 17
13 18
