4 17
15 18
18 21
3 20
1 17
14 20
8 13
20 21
17 23
9 13
9 12
10 17
1 2
3 22
10 16
8 16
5 21
3 16
13 16
11 15
3 12
3 10
7 14
7 10
6 17
2 22
8 22
15 22
14 23
1 9
14 18
1 23
8 11
6 11
2 23
6 22
12 15
0 23
17 19
2 16
1 6
2 14
0 16
10 20
6 12
5 16
11 13
15 17
1 5
5 11
4 23
16 19
4 19
3 11
14 15
0 3
12 20
3 5
2 21
14 19
7 18
6 13
21 22
0 22
9 16
8 9
12 13
3 13
4 22
0 1
7 8
6 8
15 20
6 16
5 19
1 3
18 19
5 20
1 14
0 14
21 23
14 17
5 10
14 16
20 23
8 19
19 20
0 11
17 18
0 15
16 21
0 18
1 13
0 20
2 4
0 19
3 9
18 20
1 8
0 12
8 10
3 4
5 18
2 15
5 17
17 21
11 20
16 18
11 19
5 23
9 19
16 23
0 4
2 20
5 13
20 22
4 20
3 18
3 17
3 7
9 20
15 16
5 12
7 13
11 18
4 21
7 16
13 20
2 7
3 14
9 22
5 15
7 11
7 22
11 22
0 17
19 22
16 20
11 16
18 23
10 19
22 23
7 19
6 18
3 21
7 20
4 12
1 20
18 22
11 17
0 2
10 12
10 11
9 21
1 15
5 6
2 10
8 12
5 14
0 9
6 15
6 20
13 19
7 9
1 12
15 19
5 22
4 5
13 18
13 14
1 10
16 17
1 16
8 15
6 23
3 15
3 19
9 14
10 23
1 18
6 7
4 13
7 17
6 10
2 8
11 14
15 21
2 17
16 22
1 22
6 9
8 18
12 23
