0 19
6 15
13 16
2 18
9 12
4 7
3 11
2 11
0 15
2 8
3 10
1 4
0 14
10 11
15 17
13 19
0 18
8 13
8 14
13 14
10 18
8 18
2 16
6 12
10 14
3 8
9 11
2 17
2 14
1 17
2 4
7 16
1 14
0 10
4 16
4 17
2 12
3 16
13 17
6 8
5 10
4 5
6 10
5 6
2 5
4 12
9 14
0 16
6 9
3 18
14 19
8 11
4 10
0 11
0 2
2 19
14 18
12 14
12 17
1 12
5 18
5 15
1 3
11 14
6 18
9 16
11 19
6 7
6 16
8 9
1 18
14 16
10 15
16 18
17 18
3 17
0 12
3 9
8 15
7 19
1 11
7 17
1 15
0 9
1 6
1 5
7 10
0 6
5 12
4 18
16 19
3 5
10 16
12 16
8 17
5 13
4 19
11 17
5 14
8 10
6 19
6 14
3 19
15 19
2 7
9 15
7 18
5 9
10 12
0 1
5 16
7 13
3 13
10 17
0 17
4 15
0 5
2 9
4 13
0 4
5 19
10 19
1 8
14 17
7 11
0 7
2 13
1 19
7 15
1 9
13 15
2 15
4 9
