7 19
11 16
3 5
1 7
3 20
14 19
8 11
8 17
9 19
12 16
6 7
16 17
0 3
6 15
0 16
7 14
9 21
10 12
1 18
3 17
14 18
8 16
1 19
6 17
5 19
13 14
0 12
1 16
7 18
19 21
6 8
9 13
3 18
6 12
0 6
0 2
9 17
9 11
10 20
9 14
4 14
14 15
0 5
11 13
3 12
1 6
3 7
7 11
5 14
1 20
8 10
0 11
0 9
7 13
10 14
0 15
11 15
0 17
17 19
0 13
10 11
3 9
14 16
3 19
12 17
2 7
9 15
5 16
15 16
13 20
7 10
11 21
2 17
6 11
18 20
4 20
5 7
14 21
7 12
10 21
3 10
6 16
0 19
5 15
6 18
9 18
12 14
17 21
11 19
12 15
9 20
0 18
15 18
7 15
5 17
5 11
4 13
4 15
10 19
6 21
3 15
4 7
7 9
2 15
16 18
11 18
1 10
5 12
9 12
5 10
3 14
2 21
7 21
3 21
13 19
0 4
7 8
1 11
20 21
13 21
2 13
10 13
1 2
9 16
4 21
3 13
10 16
