2 4
5 17
5 20
10 17
1 21
3 19
6 21
14 18
19 21
18 23
0 12
1 3
8 23
7 21
15 23
7 19
0 5
4 8
9 11
9 18
11 22
0 16
12 18
2 22
1 6
5 12
20 22
0 20
14 23
0 10
2 17
4 15
4 22
8 18
4 18
10 21
7 15
13 18
0 18
11 23
1 14
12 20
8 10
2 16
21 23
17 19
17 22
4 6
9 13
1 18
8 19
5 21
9 16
6 7
3 7
11 18
3 14
20 21
4 17
3 18
9 10
0 13
7 18
15 22
11 12
5 16
13 23
3 6
8 21
8 11
7 16
12 14
13 14
6 20
3 20
1 2
12 19
2 6
8 22
9 21
0 6
4 11
2 3
1 19
2 9
8 14
0 9
3 8
1 15
7 14
14 15
7 9
8 15
0 21
11 21
0 3
6 18
0 1
17 18
10 20
11 16
17 21
0 8
4 7
5 15
1 7
0 22
22 23
3 15
4 10
12 15
2 5
3 22
3 11
2 19
19 22
14 21
16 23
0 7
7 11
9 12
16 17
6 12
13 17
14 19
12 22
5 18
12 13
7 12
2 14
5 7
1 4
5 6
3 21
2 13
0 15
9 15
5 9
