13 22
12 16
14 20
4 5
10 15
0 16
6 14
9 11
2 9
10 14
10 21
21 22
3 21
16 19
0 2
6 19
9 22
12 17
8 12
9 10
3 18
5 22
4 10
1 18
4 19
17 18
3 9
6 12
7 22
11 22
4 18
14 15
12 13
19 22
12 22
0 7
4 12
18 22
18 20
9 21
8 14
1 14
6 9
2 8
13 14
5 12
8 20
8 21
6 8
8 18
7 12
7 13
9 13
2 13
18 19
1 10
1 22
4 17
14 16
9 17
7 14
2 19
4 8
1 20
1 11
3 16
9 14
0 1
5 19
11 18
16 21
4 6
4 11
10 22
11 15
11 17
10 16
6 22
15 20
0 8
16 18
16 20
14 18
10 20
7 21
1 7
7 8
8 13
3 13
5 21
0 18
4 16
7 10
0 10
0 19
9 19
4 7
6 7
6 17
15 17
3 6
1 2
10 13
3 14
5 13
12 18
13 17
7 17
2 5
2 11
0 3
4 14
20 21
0 12
6 15
15 19
11 20
9 20
15 16
15 18
9 16
5 10
3 10
8 17
5 20
5 17
1 15
4 13
1 21
14 17
2 7
10 18
19 20
9 12
1 16
2 3
16 17
17 21
9 15
7 19
1 12
1 17
3 7
0 11
1 3
6 13
6 11
13 16
1 4
2 17
2 21
13 21
14 22
4 22
5 14
4 15
11 21
2 22
11 16
0 17
0 4
5 18
13 18
8 16
5 8
4 20
15 22
1 19
10 12
2 4
5 6
12 21
14 19
3 8
5 11
3 22
6 20
