17 27
12 14
12 20
20 22
13 22
5 23
5 24
16 21
1 25
3 9
7 13
5 27
10 16
4 28
7 22
9 14
2 19
0 5
1 16
3 10
7 14
5 19
1 7
3 18
1 12
21 24
15 18
1 2
18 26
3 7
0 6
14 16
6 19
5 10
12 19
9 16
5 22
17 21
1 14
9 21
0 14
12 16
2 22
24 25
7 11
0 21
6 12
6 7
2 27
9 28
16 24
4 10
16 19
17 24
10 26
6 23
6 9
2 23
2 10
25 28
20 21
2 13
1 24
6 24
3 16
9 27
10 27
21 22
4 21
20 28
5 8
2 16
1 17
8 10
9 12
19 20
3 4
0 18
8 20
4 14
3 5
10 14
13 20
10 18
0 4
12 25
27 28
4 20
12 22
5 25
3 26
1 9
0 23
8 22
22 25
9 18
10 22
0 20
26 28
9 23
5 18
22 24
15 24
10 17
11 15
18 19
11 12
6 25
0 9
19 28
11 18
17 18
19 21
7 25
3 17
1 19
13 24
5 16
2 7
11 19
6 22
17 26
16 23
13 25
9 17
7 15
6 26
19 24
1 18
16 18
8 19
2 17
7 16
14 19
23 24
7 26
14 21
6 15
6 18
4 25
23 25
10 13
20 25
2 18
10 11
20 24
0 7
2 24
13 14
2 11
4 23
4 16
9 10
14 15
22 26
1 11
7 17
11 27
10 23
7 23
12 23
11 28
4 22
9 15
21 26
1 21
10 20
3 20
2 3
11 13
19 25
19 26
18 22
16 26
8 16
16 27
14 20
6 11
7 10
10 24
13 26
15 20
3 12
10 12
4 13
11 24
13 16
4 6
17 25
3 21
0 12
18 27
15 16
14 22
8 25
2 4
2 15
4 15
22 23
23 26
13 18
18 21
15 26
