1 14
17 24
0 18
14 22
13 18
18 22
1 19
0 6
5 11
8 26
8 10
6 13
6 10
3 15
9 25
17 25
0 17
11 15
18 20
0 21
2 6
4 21
1 4
16 17
12 16
19 25
7 27
9 15
9 13
9 22
6 12
4 15
1 23
11 23
4 14
10 11
10 15
5 24
6 26
21 27
18 21
4 7
0 22
6 22
6 9
20 25
19 24
17 23
7 14
9 11
7 23
11 27
8 11
6 8
25 27
17 21
1 18
15 20
6 16
0 24
10 16
1 15
15 21
6 11
9 20
3 22
0 8
4 26
14 26
5 12
8 15
7 13
10 13
5 13
0 10
12 25
12 18
2 7
20 22
8 12
23 27
0 9
3 24
6 7
20 23
2 4
8 20
11 24
1 17
8 17
5 21
0 11
14 23
11 12
0 20
5 19
8 13
12 24
19 21
21 26
2 26
2 5
16 20
9 17
17 18
12 26
3 8
2 18
0 1
21 23
7 9
15 17
5 27
6 20
7 26
2 20
8 21
24 26
12 20
14 17
26 27
0 3
2 27
1 7
13 15
10 26
9 27
4 13
24 25
10 20
0 12
4 12
3 7
0 27
8 24
7 12
22 26
3 9
9 12
5 9
18 25
5 15
21 22
11 20
15 26
7 20
14 21
3 21
21 25
6 15
8 16
17 20
1 16
12 19
16 27
1 24
0 7
13 14
0 13
5 18
1 3
16 25
1 27
2 14
4 20
4 24
1 2
7 24
1 6
7 11
7 15
2 25
14 16
12 15
12 13
11 19
5 7
2 24
5 20
2 8
1 5
5 17
12 23
19 22
4 19
10 27
1 8
8 9
16 18
11 26
13 17
3 5
16 21
14 27
7 22
6 25
2 21
4 5
13 27
11 14
4 6
5 25
24 27
0 25
10 25
12 22
2 22
21 24
2 19
4 17
7 8
4 23
3 6
13 16
8 14
16 24
8 22
14 19
10 24
3 12
16 26
15 23
10 22
1 11
2 23
13 22
7 16
0 15
17 27
0 19
3 17
9 16
3 20
7 25
10 19
15 24
23 26
6 18
16 23
19 23
3 27
2 16
3 16
12 14
13 19
4 8
14 25
2 13
6 23
23 25
6 21
12 27
3 10
2 15
17 26
9 10
4 10
18 26
10 23
5 10
19 20
6 19
18 27
10 12
17 22
