7 11
16 20
5 17
7 20
9 20
7 9
10 14
2 18
7 16
5 15
8 14
18 20
3 19
13 16
2 17
5 18
3 8
1 8
4 5
9 10
1 9
14 15
10 12
0 12
2 10
5 8
0 13
10 16
11 18
3 16
0 10
2 11
4 10
13 17
1 3
5 12
1 17
2 6
0 20
4 11
12 18
2 5
8 17
11 12
8 19
9 17
9 11
3 15
0 7
8 15
14 20
11 15
4 19
4 18
4 8
7 8
0 4
16 18
1 12
1 18
13 20
10 15
3 14
10 19
2 7
16 17
1 11
17 20
6 17
15 17
9 14
12 16
6 10
15 20
5 10
9 18
10 13
2 15
10 17
8 11
13 18
4 6
0 2
4 17
4 12
9 12
4 7
8 10
12 14
1 16
12 19
14 16
4 14
7 14
3 20
0 5
0 9
6 9
0 3
9 13
1 10
12 20
5 13
18 19
6 14
14 18
0 14
2 9
13 19
7 18
3 12
13 15
8 16
1 6
7 19
5 6
6 11
15 19
17 19
12 13
8 12
3 4
0 11
0 17
8 13
7 10
1 14
4 13
15 16
6 8
9 15
3 17
11 13
3 13
1 7
11 16
9 19
2 4
10 18
11 14
2 19
0 8
7 12
15 18
3 6
6 13
5 16
