11 14
9 16
1 24
5 13
1 23
8 11
0 8
5 16
1 13
2 23
0 12
5 23
2 4
2 5
7 10
0 22
2 7
5 18
20 21
2 16
17 23
2 24
7 11
0 25
18 22
3 7
21 25
14 20
3 23
2 14
1 11
4 25
9 11
12 15
12 17
6 8
0 16
3 8
14 25
4 24
10 17
5 7
0 18
10 15
13 16
5 11
9 17
10 11
3 10
5 21
3 18
23 25
1 19
3 12
13 25
0 10
3 24
9 10
4 16
3 21
6 25
9 15
7 20
15 18
4 14
15 19
9 21
1 7
6 16
16 21
3 14
11 19
4 12
5 9
2 19
11 15
1 18
14 24
8 13
12 19
7 24
1 15
6 12
14 18
10 24
14 19
1 22
0 24
14 15
7 21
13 18
8 22
1 6
7 13
0 5
1 5
8 17
8 12
5 20
15 17
2 18
0 11
22 24
3 11
7 15
2 13
3 20
5 12
18 19
0 17
1 21
4 8
2 6
11 12
6 11
14 16
11 22
14 22
8 14
4 17
15 23
18 20
13 19
11 20
9 23
18 25
4 21
6 10
11 23
7 18
10 12
3 16
0 9
4 19
3 5
2 12
10 16
19 25
19 22
20 25
4 6
14 21
6 24
9 22
17 19
3 25
6 7
13 22
16 17
1 4
17 24
20 22
17 20
2 25
18 21
20 24
2 10
5 10
12 21
7 22
10 25
16 19
3 9
