14 19
5 21
9 20
1 13
4 7
0 4
14 15
4 18
1 16
5 12
7 20
0 1
9 17
2 17
11 14
2 4
5 10
4 12
0 14
5 14
16 20
3 13
7 8
14 20
8 9
3 11
3 20
0 17
11 16
11 19
7 14
12 14
6 10
1 8
12 17
4 14
3 6
2 3
12 13
2 14
0 19
11 15
1 7
10 20
0 6
0 18
3 8
5 19
11 21
7 10
2 10
6 8
4 8
12 18
2 13
3 9
9 19
7 15
18 20
2 7
3 12
5 11
0 21
6 17
4 10
1 17
18 19
10 16
6 16
6 21
1 10
10 11
0 7
7 9
0 11
16 17
8 15
0 3
3 19
14 18
0 9
3 16
11 20
16 19
6 14
20 21
4 13
7 13
2 12
8 19
0 15
4 6
8 20
4 11
5 15
9 21
14 17
11 12
6 15
6 13
7 19
9 14
5 18
10 18
13 17
8 13
17 21
0 16
13 19
3 4
8 12
13 21
8 16
8 21
6 11
12 15
15 18
10 19
11 13
7 16
18 21
2 18
5 17
1 15
3 17
1 2
1 4
2 19
1 3
10 13
17 19
4 16
19 20
11 17
4 21
1 12
3 14
2 6
6 18
13 20
2 16
0 13
8 10
0 10
13 16
8 17
6 19
1 6
5 8
5 9
4 20
9 12
2 5
15 20
12 21
9 10
8 18
0 5
2 8
4 15
8 11
1 19
