0 15
10 16
3 8
3 18
16 18
15 19
5 6
0 20
3 11
4 11
10 20
11 16
10 19
10 13
1 20
2 19
7 19
3 20
3 7
2 9
0 5
0 14
5 12
4 5
6 14
1 9
2 11
13 18
0 3
3 13
17 19
4 12
12 18
9 11
3 6
4 9
6 20
3 16
2 14
6 12
3 10
3 4
6 8
13 15
2 17
12 19
14 21
6 21
13 14
12 14
8 10
6 15
7 17
1 4
6 18
3 17
7 15
1 16
3 9
0 4
1 2
1 5
11 18
10 11
9 14
12 16
1 21
11 12
12 13
14 15
6 17
7 12
14 17
7 20
4 7
14 19
9 13
1 10
0 19
1 18
6 13
2 20
1 17
5 7
5 16
4 10
3 21
12 21
19 20
11 15
9 18
8 9
18 20
18 19
5 13
11 19
2 7
5 15
9 12
5 19
15 18
8 11
20 21
5 8
4 6
4 14
6 10
0 8
3 15
8 21
5 20
5 10
8 12
4 8
13 17
3 12
