9 20
22 25
3 7
3 22
1 26
18 19
23 25
1 17
4 7
0 6
3 15
19 25
14 19
1 2
4 13
9 22
9 16
13 14
9 11
8 21
9 19
15 23
1 14
10 22
8 25
11 16
1 12
4 25
6 21
4 10
3 6
9 23
7 15
4 24
2 26
1 19
5 21
4 18
21 24
11 20
7 23
1 4
2 13
4 12
4 16
4 20
8 17
6 18
2 19
8 24
13 19
1 10
2 3
4 15
12 24
24 25
8 13
18 23
1 16
23 24
0 9
10 16
4 22
22 26
12 23
16 25
11 21
0 13
3 5
3 8
8 10
9 26
23 26
13 18
17 24
0 8
14 24
0 19
14 25
11 19
20 21
5 6
13 23
3 21
11 24
6 15
21 23
10 17
12 18
8 9
10 23
1 18
9 15
11 17
4 6
17 26
0 1
4 26
3 10
13 24
15 24
2 15
11 12
17 21
2 10
11 26
24 26
4 11
1 8
1 21
0 3
0 11
8 16
0 17
6 16
2 6
18 22
6 12
2 11
5 18
5 19
6 11
10 21
11 14
19 21
10 12
0 22
14 20
1 15
14 23
5 23
11 18
5 12
21 25
6 8
1 22
1 3
0 14
19 20
13 25
14 22
1 20
1 6
6 13
4 23
14 21
9 13
11 13
10 26
9 25
7 24
8 11
3 17
0 2
2 17
3 23
5 11
7 20
6 23
14 15
18 26
1 25
5 15
10 19
9 24
9 17
6 20
8 12
17 18
4 14
8 22
16 20
13 26
9 12
7 13
13 15
6 17
16 18
5 24
7 12
17 19
8 26
4 9
3 20
15 17
5 13
9 21
12 21
8 18
1 5
22 24
14 16
9 10
16 26
1 13
10 20
19 22
10 13
8 15
1 23
7 25
3 26
12 22
7 14
0 12
3 18
18 21
1 24
0 10
14 26
13 21
18 25
12 19
14 18
2 12
6 22
16 23
15 18
17 22
7 8
2 4
21 22
20 22
2 8
12 25
13 16
0 4
3 14
15 26
8 14
10 24
15 22
6 26
12 20
9 18
21 26
12 15
13 22
7 26
22 23
6 19
17 25
18 24
15 25
5 16
4 17
