2 5
0 3
24 25
0 11
15 24
0 4
5 6
3 10
15 18
19 22
8 18
3 22
9 21
18 23
6 25
1 17
12 16
17 19
1 7
2 21
13 14
15 16
2 15
13 25
6 11
18 26
4 15
13 24
6 23
16 26
11 22
1 3
12 13
24 26
18 25
13 16
9 25
5 10
5 9
0 15
3 13
19 24
17 20
23 26
15 22
21 25
9 13
11 19
10 22
16 19
10 16
5 15
18 22
12 17
9 16
4 8
4 25
0 12
17 26
15 21
1 24
3 24
10 25
13 15
8 9
1 4
11 14
15 20
17 22
1 16
15 26
5 11
1 25
8 16
0 26
15 25
1 10
0 19
1 14
2 11
1 9
4 7
8 24
7 13
5 16
2 22
16 23
10 21
7 9
2 12
14 26
9 18
5 19
25 26
18 19
6 26
2 18
10 26
11 20
3 19
9 26
8 22
2 6
0 1
1 20
18 21
1 12
1 2
3 9
16 20
11 16
7 8
4 17
3 11
1 21
1 11
12 23
3 16
8 26
5 23
11 17
4 20
1 22
4 19
7 12
9 17
19 26
10 18
22 26
2 16
7 20
7 22
10 19
9 20
10 11
4 10
0 5
0 2
19 23
3 4
9 24
10 15
5 18
16 22
5 21
3 18
0 10
10 13
13 20
19 20
1 15
3 8
7 10
9 22
16 17
13 22
8 10
3 25
1 18
0 9
11 15
0 17
5 26
17 18
20 24
8 25
14 17
16 21
11 24
14 21
11 21
6 18
16 25
6 7
4 16
6 8
