0 13
6 12
20 26
12 22
12 25
11 23
0 26
1 8
15 17
14 26
3 12
19 21
3 14
9 12
8 15
7 10
8 10
7 22
18 23
9 20
19 20
7 9
5 24
4 7
3 24
16 28
10 14
27 28
0 11
12 28
17 25
9 25
20 24
0 23
8 24
14 27
0 19
16 27
17 26
12 17
15 23
10 18
19 28
23 26
4 14
11 24
12 23
3 22
9 23
11 26
10 17
6 7
24 28
9 15
10 23
11 14
4 15
0 12
2 20
25 27
9 13
2 7
1 21
3 10
4 8
0 22
12 18
6 28
9 26
7 19
16 18
14 20
1 7
16 19
0 27
6 11
16 22
5 13
26 27
2 19
17 23
8 13
3 5
3 21
15 28
4 16
14 22
12 21
11 19
0 20
1 6
5 10
11 17
12 27
3 9
11 21
14 19
10 19
1 17
16 23
11 12
17 28
4 9
2 12
2 6
1 14
13 14
0 21
7 12
13 28
6 22
1 28
13 16
25 26
1 23
14 23
7 17
6 19
6 13
4 13
11 28
24 25
2 16
11 13
0 9
7 8
2 5
0 4
1 9
13 24
11 15
5 15
4 27
7 20
19 26
10 27
17 19
22 25
21 23
4 25
8 18
16 25
3 11
3 18
4 18
9 21
4 26
10 15
2 18
18 19
14 16
8 19
5 14
15 26
6 21
6 25
6 17
14 24
7 24
21 28
2 14
6 10
2 28
11 20
1 12
23 24
8 23
7 28
17 21
1 19
20 23
2 21
2 9
11 16
14 28
7 11
0 1
15 22
12 14
16 21
17 22
0 24
8 28
0 25
20 25
22 26
19 24
22 24
16 26
4 11
1 18
9 19
8 21
10 13
3 7
1 22
21 24
5 20
8 27
13 21
3 23
21 26
14 21
1 26
15 25
20 28
5 12
10 20
7 16
0 8
18 21
5 21
6 27
0 7
24 27
12 20
8 9
0 15
12 26
8 25
15 16
17 20
13 26
11 25
20 22
13 17
10 11
9 10
15 19
0 3
5 18
14 25
2 23
4 28
6 14
13 20
14 17
8 22
12 15
13 23
10 21
5 17
2 10
6 16
0 17
12 24
13 19
3 19
1 10
22 27
4 12
3 8
9 27
5 23
9 14
10 16
18 25
0 16
22 28
12 19
1 25
4 20
12 16
4 24
21 22
3 27
1 16
21 25
1 20
20 27
24 26
15 18
7 14
5 7
18 24
5 28
19 22
23 28
2 13
2 11
7 27
15 24
2 27
7 23
