21 25
14 15
4 24
7 16
7 21
6 24
4 11
9 16
11 24
3 14
2 12
1 23
6 10
4 10
10 25
15 23
4 21
2 3
11 19
10 23
14 24
11 21
18 21
1 6
7 19
16 25
11 14
2 6
2 4
0 8
4 12
7 15
13 25
12 22
8 19
4 23
24 25
1 19
4 16
12 20
12 15
16 22
8 25
3 19
13 19
10 15
14 23
10 21
19 23
3 6
15 24
8 17
9 10
13 18
6 8
0 5
0 16
1 3
0 9
9 19
3 7
0 7
7 20
9 13
14 25
9 20
1 21
6 14
6 19
11 22
5 10
9 25
13 16
16 24
4 13
17 20
8 15
22 24
9 15
2 20
11 23
21 23
15 25
14 17
0 14
13 20
1 25
18 25
21 24
8 11
11 13
1 9
1 13
7 12
23 24
2 9
10 22
20 21
15 22
1 10
3 21
22 23
20 22
2 14
5 24
5 19
4 9
17 22
6 13
2 19
11 12
8 21
10 11
19 20
2 8
0 24
11 15
8 22
17 21
5 11
10 19
13 22
6 20
3 17
9 22
10 17
3 10
2 13
20 24
5 22
0 3
5 7
1 16
14 18
16 19
9 23
0 23
10 20
11 16
8 23
3 13
6 23
8 16
16 20
5 17
19 25
4 22
13 24
7 10
3 12
15 17
4 20
12 21
0 11
3 4
16 23
1 20
8 10
5 9
20 23
5 18
1 4
0 6
4 25
2 24
3 11
14 19
8 14
1 7
18 22
9 24
7 18
13 23
10 13
9 18
3 9
19 22
0 18
12 16
6 18
23 25
7 17
11 17
12 18
2 23
21 22
7 13
3 5
4 18
4 17
2 11
12 17
10 16
5 12
9 21
9 17
4 6
9 11
1 8
12 13
7 24
14 16
6 7
18 20
7 22
6 9
4 19
2 18
6 21
4 8
5 25
1 18
16 21
3 8
6 11
13 14
0 13
12 19
0 20
0 1
14 22
4 14
2 25
2 15
5 16
7 9
2 16
3 24
