0 9
8 15
7 16
12 15
11 19
1 10
18 24
7 15
12 18
16 17
4 20
15 17
6 15
2 16
15 16
10 21
12 24
7 19
8 13
9 15
8 19
14 22
17 19
11 20
1 12
1 4
4 23
7 8
4 17
13 18
4 21
13 19
7 11
21 23
2 17
0 2
14 19
8 20
0 21
1 7
6 22
11 12
13 14
0 6
5 12
5 7
16 24
3 10
17 21
16 18
2 11
5 24
6 10
13 23
4 6
19 22
3 16
5 11
20 24
4 19
6 20
12 13
1 23
1 19
15 22
2 18
16 22
4 24
13 17
0 22
12 16
8 12
5 19
6 7
5 22
11 24
3 14
5 20
18 23
1 13
4 9
9 12
5 14
4 13
4 12
9 11
4 15
6 9
8 14
2 12
9 21
5 9
18 22
6 24
14 18
6 16
17 23
19 20
15 19
14 21
0 19
11 22
4 18
0 23
9 24
5 17
10 13
15 23
3 24
4 11
7 9
10 18
1 8
9 18
5 16
7 23
17 22
2 20
4 5
8 17
18 19
11 18
5 8
3 12
3 21
22 24
4 14
9 19
2 3
6 8
10 15
2 24
7 18
5 18
0 18
7 14
0 8
4 7
8 18
3 19
3 9
6 18
13 20
19 23
12 19
5 13
2 22
8 9
1 9
7 20
15 24
9 13
8 24
23 24
4 10
3 18
1 2
2 6
15 21
1 14
18 21
11 17
2 8
2 4
7 22
1 15
10 16
12 14
0 24
8 11
5 21
3 13
4 16
3 8
21 24
0 10
6 12
3 4
9 14
17 18
19 24
1 5
11 14
11 23
0 1
2 13
3 17
9 16
20 23
13 21
1 20
10 12
11 15
2 5
8 10
6 13
8 16
3 20
0 7
2 23
9 10
6 19
10 11
11 16
3 6
18 20
5 10
1 22
1 11
13 24
