5 20
7 9
10 21
9 29
8 12
6 26
2 24
8 15
2 6
0 8
0 24
17 22
8 18
14 28
13 15
0 11
7 23
13 17
2 22
6 29
14 25
11 15
1 2
4 12
18 22
4 11
21 28
21 23
0 19
5 19
1 17
15 27
9 13
6 9
20 27
18 29
8 10
18 19
7 28
3 11
9 22
3 15
12 18
14 29
13 22
14 15
8 17
14 18
13 24
8 9
4 22
5 16
18 25
3 26
20 21
11 13
18 27
2 17
10 17
20 29
1 18
6 27
22 24
12 20
20 25
16 25
11 19
4 15
9 21
25 29
0 12
10 26
16 22
11 29
1 13
3 7
0 22
4 29
4 28
0 13
10 16
5 24
11 22
4 19
16 23
6 28
1 12
8 21
20 26
17 18
5 6
26 29
23 28
11 18
10 22
8 28
5 18
10 25
13 25
6 18
0 29
9 20
14 16
7 20
8 24
3 4
6 22
6 11
11 14
10 23
7 26
20 28
19 22
25 26
2 9
20 24
1 24
14 24
11 21
0 16
5 29
3 22
2 11
15 22
1 29
12 13
26 28
1 7
5 28
15 24
12 24
7 10
4 10
24 28
6 15
17 28
8 20
1 26
3 12
15 28
0 27
2 5
4 7
15 21
12 25
18 20
6 23
22 27
18 21
13 14
4 14
5 27
18 28
13 23
0 18
2 28
12 21
14 21
20 22
9 23
21 22
16 28
11 28
5 12
17 27
6 20
12 15
22 26
5 17
15 25
13 21
9 11
7 17
25 27
21 26
11 17
3 13
0 23
2 8
0 15
12 27
1 25
9 26
6 21
14 27
1 14
10 24
21 27
9 24
3 28
4 23
3 24
9 17
8 25
1 10
8 22
12 16
12 29
6 13
4 24
3 25
16 18
8 16
8 19
4 17
6 12
17 20
1 28
5 22
2 10
12 28
3 8
15 29
1 8
3 16
16 21
3 5
14 23
