14 23
2 16
8 24
9 10
14 24
0 8
14 18
13 15
17 23
13 18
7 10
3 4
0 7
14 21
5 20
8 17
5 13
19 24
1 11
17 19
12 13
9 20
9 12
1 22
21 23
21 24
11 23
1 7
2 9
15 18
7 13
6 14
4 19
7 15
8 9
7 20
0 23
0 17
12 17
1 12
2 11
1 14
1 20
4 23
7 21
4 21
2 21
1 18
2 19
18 23
15 17
6 7
9 22
5 8
8 19
3 18
2 5
1 6
0 14
2 6
4 8
17 18
20 21
18 19
0 5
5 10
7 12
2 3
3 17
13 20
5 11
14 17
11 12
12 22
4 13
12 21
0 12
14 22
9 21
0 13
11 19
20 23
6 19
1 24
11 16
19 23
7 22
13 19
11 18
9 18
10 19
18 20
4 20
3 13
2 15
1 9
1 13
20 24
11 14
7 16
8 21
4 14
3 22
16 24
7 19
1 4
23 24
3 5
5 22
9 24
16 17
10 16
3 12
8 14
0 24
13 14
4 15
5 14
16 19
8 20
21 22
13 24
17 21
6 11
7 9
8 11
4 24
2 8
4 12
9 13
10 11
12 16
2 7
3 14
6 15
17 24
2 12
18 24
3 7
3 23
2 13
22 23
4 11
7 23
11 15
1 8
10 24
5 9
11 24
0 9
