5 15
9 13
19 20
4 15
3 18
13 25
5 13
8 21
18 19
22 27
4 12
0 16
2 14
10 19
4 25
19 25
15 25
17 25
10 11
0 25
4 22
20 23
1 13
8 13
1 24
24 26
13 20
1 7
11 12
3 26
9 15
19 23
9 19
5 23
1 18
14 20
15 26
16 20
8 11
13 24
12 15
2 23
10 16
0 3
12 25
1 8
8 12
6 17
2 11
11 26
6 16
16 27
7 24
10 13
10 18
0 11
15 17
5 26
11 13
15 22
16 23
0 2
3 16
3 5
7 26
14 24
6 15
4 18
1 16
0 22
1 27
5 12
0 20
0 15
7 9
10 20
7 12
11 15
1 4
11 22
1 3
18 27
6 19
6 14
4 6
16 26
2 8
6 21
3 10
12 17
3 4
19 22
14 26
3 25
1 23
4 14
17 27
13 16
2 6
4 24
21 23
8 25
12 13
9 11
6 22
9 24
6 18
3 13
5 21
13 17
16 25
8 27
21 22
12 20
19 27
9 20
1 26
6 20
0 4
20 27
5 22
8 16
11 25
9 12
13 15
2 20
17 21
4 16
24 25
2 10
6 8
13 23
7 19
15 24
15 16
17 22
18 26
11 23
9 10
1 25
10 21
10 24
1 6
16 22
19 24
7 27
2 3
20 24
8 15
12 26
9 16
10 26
4 21
6 23
11 19
2 5
11 18
3 19
18 24
21 25
8 17
9 23
12 14
20 26
18 23
6 26
13 21
2 12
15 27
5 25
4 8
3 24
1 22
8 24
6 9
7 10
6 7
16 19
11 21
1 11
8 19
5 18
1 2
7 8
13 14
23 24
21 27
9 21
4 19
