1 10
0 10
7 19
1 17
1 3
13 14
10 20
1 16
16 19
6 10
4 10
7 20
6 17
7 13
8 20
6 8
5 12
7 14
8 14
3 13
11 20
13 19
10 14
2 16
0 19
11 15
3 8
1 19
6 20
8 9
14 20
2 18
3 11
2 7
2 8
3 16
16 17
9 18
1 11
8 10
12 16
6 9
4 7
0 20
11 14
13 20
17 18
12 17
12 19
14 18
1 9
3 14
4 15
5 18
0 13
0 17
4 8
4 14
5 11
16 20
2 19
11 12
16 18
5 10
1 7
9 13
18 19
11 13
7 16
0 4
6 14
13 18
0 12
4 11
4 20
15 20
8 19
11 17
6 18
15 19
9 14
4 12
0 3
0 1
19 20
5 14
10 19
6 7
14 15
12 15
13 17
10 12
4 16
13 15
5 20
10 18
5 7
6 13
8 11
1 5
12 14
5 16
0 14
2 12
8 13
4 18
3 10
3 20
8 12
7 10
4 6
7 17
6 16
4 5
5 19
0 11
4 13
15 17
2 6
9 15
15 18
14 19
8 17
5 6
8 18
6 11
14 16
7 12
12 13
2 15
5 17
5 9
5 13
9 20
4 19
1 8
3 7
3 9
0 16
3 17
2 10
2 14
1 18
9 11
3 12
3 6
17 19
